  941.4  6537.9 +20.18
  504.8  6286.4 +26.07
  888.8  6268.6 +23.10
  634.9  6927.8 +22.96
  537.4  6310.8 +27.77
  563.2  6932.4 +23.98
  511.9  6769.8 +23.63
  145.8  6835.2 +23.06
  926.1  6687.2 +17.59
  359.5  6698.5 +26.76
  728.7  7003.0 +16.96
  866.4  6912.2 +11.05
  603.8  6633.2 +26.04
  371.2  6744.1 +25.07
  437.0  6565.0 +27.24
  685.7  6967.9 +20.50
  589.2  6818.8 +24.13
  391.1  6629.9 +24.43
  963.1  6472.8 +18.27
  711.9  6519.5 +24.67
  737.4  6949.5 +17.83
  408.0  6766.7 +24.86
  926.5  6468.4 +21.53
  653.9  7099.9 +19.14
  562.4  6982.8 +21.82
  914.1  6897.4  +9.86
  840.9  6629.9 +21.18
  520.8  6703.4 +24.76
  892.5  6734.2 +16.31
  854.4  6694.5 +20.24
  691.3  6844.8 +23.22
  152.7  6841.7 +22.80
  777.1  6981.3 +15.47
  504.3  6672.6 +24.57
  970.3  6712.1 +12.60
  430.6  6488.3 +29.36
  227.4  6867.6 +22.50
  293.8  6833.8 +24.16
  536.0  6429.5 +28.85
  511.3  6479.3 +28.81
  562.6  6525.8 +28.21
  895.4  6623.0 +20.77
  127.0  6844.4 +21.48
 1021.5  6712.9 +10.16
  691.1  6521.3 +25.09
  678.6  6764.0 +23.56
  918.2  6317.7 +22.69
  669.7  6860.2 +23.80
  815.6  6822.3 +17.01
  420.0  6315.5 +26.99
  537.2  6594.3 +27.73
  769.7  6282.6 +24.88
  501.2  6625.3 +24.97
  880.2  6497.8 +23.01
  352.2  6690.0 +26.10
  623.4  6782.4 +24.26
  550.7  6647.9 +27.33
  646.6  6272.7 +25.64
  789.2  6587.6 +22.67
  383.6  6277.6 +26.71
  974.7  6423.7 +20.23
  769.2  6438.6 +25.23
  352.8  6789.0 +24.49
  782.2  6549.9 +22.68
  639.0  6868.1 +23.27
  451.0  6754.6 +25.42
  491.4  6836.3 +23.99
  756.7  6255.6 +24.80
  863.5  6657.1 +20.66
 1045.0  6846.0  +9.30
  404.1  6898.4 +23.70
 1031.0  6804.3  +8.24
  568.7  6276.4 +27.00
  430.2  6252.6 +26.28
  855.4  6359.8 +24.18
