  262.5  6764.7 +25.31
  618.7  7001.2 +22.49
  398.7  6784.4 +24.80
  631.0  6279.4 +27.85
  786.2  6718.1 +22.25
  609.8  6785.6 +23.73
  649.9  6974.8 +21.48
  924.5  6307.8 +24.00
  568.3  6354.8 +29.17
  711.3  6153.4 +22.92
  467.8  6765.3 +22.60
  685.0  7021.6 +19.38
  617.7  6777.9 +26.20
  250.4  6747.0 +25.39
  696.3  6543.8 +26.33
  311.6  6654.1 +26.76
  767.2  6856.2 +20.08
  420.4  6607.2 +24.62
  608.6  6264.0 +25.58
  551.0  6302.7 +27.22
  621.0  6939.5 +23.49
  706.3  6765.1 +23.51
  614.3  6630.3 +26.85
  530.2  6755.1 +25.17
  403.4  6847.2 +26.09
  423.4  6311.7 +26.30
  507.7  6675.3 +23.16
 1040.0  6779.0 +10.58
  481.3  6534.2 +26.02
 1012.0  6716.3 +11.03
  933.2  6737.0 +14.52
  502.8  6472.6 +29.47
  450.5  6292.4 +25.14
  484.1  6847.8 +25.52
  415.4  6639.4 +24.56
  988.6  6635.5 +17.22
  183.8  6809.2 +23.64
  795.7  6299.6 +23.97
  712.7  7010.7 +18.08
  494.4  6303.9 +29.48
  148.3  6785.7 +24.32
  135.7  6846.2 +22.71
  590.1  6817.7 +24.98
  624.9  6845.7 +24.82
  498.6  6620.9 +25.75
  753.5  6255.6 +24.53
  553.2  6861.8 +24.91
  529.9  6603.9 +28.03
  743.3  6654.3 +21.42
  925.0  6774.5 +11.93
  932.7  6869.5 +11.20
  220.8  6768.7 +25.27
  628.6  7094.2 +20.07
  656.2  6906.7 +21.78
  579.9  6990.5 +22.67
  941.8  6891.6 +11.61
  926.7  6467.8 +22.48
  577.0  6898.2 +23.86
  390.8  6868.3 +26.15
  511.2  6751.0 +24.89
  750.9  7054.7 +15.11
  674.6  6994.9 +21.18
  966.6  6609.4 +19.75
  477.1  6590.1 +27.90
  706.9  6685.8 +23.95
  617.5  7064.1 +21.51
  520.9  6695.4 +24.28
  833.7  6316.8 +23.09
  365.6  6685.3 +25.81
  431.0  6575.1 +26.80
  934.0  6829.4 +11.06
  402.8  6896.8 +24.59
  370.0  6671.3 +25.34
  669.7  6860.2 +23.44
  863.4  6715.3 +20.31
  702.2  6975.3 +18.58
  380.0  6263.9 +26.99
  703.0  6953.9 +19.33
  642.2  6653.9 +26.19
  923.1  6321.8 +23.24
  574.2  6779.0 +24.59
  676.0  6639.0 +25.79
  992.5  6664.3 +16.09
  444.4  6248.0 +26.60
  584.7  6422.9 +27.91
  338.1  6789.2 +24.19
  504.5  6286.1 +26.38
  691.2  6910.5 +21.93
  666.7  6965.4 +22.32
 1059.2  6884.8  +8.72
  676.6  6801.0 +24.90
  691.3  6844.8 +23.20
 1047.3  6861.4  +8.43
  693.4  6746.2 +24.63
  440.7  6259.8 +26.76
  684.2  6875.7 +23.54
  431.0  6480.6 +29.96
 1024.5  6731.5 +11.30
  370.6  6643.4 +25.51
  140.7  6833.3 +23.56
  422.6  6747.7 +24.28
 1071.4  6887.0  +9.02
  620.8  6788.2 +23.48
  654.6  7099.0 +19.36
  251.7  6796.0 +25.11
  229.0  6816.6 +24.42
  515.0  6356.4 +28.47
  513.0  6325.1 +29.41
  751.5  6946.9 +17.43
  398.2  6593.8 +25.81
  521.9  6953.4 +24.25
  371.8  6293.0 +26.41
  677.6  7056.8 +18.88
  448.5  6892.9 +24.19
  379.2  6568.8 +25.67
  876.3  6257.4 +24.17
  895.6  6622.3 +22.30
  740.2  6947.3 +17.52
  226.2  6870.0 +22.22
  682.3  6230.8 +23.64
  837.2  6578.1 +23.44
  691.1  6521.3 +25.30
  850.1  6671.7 +20.35
  854.3  6328.3 +24.79
  769.1  6958.6 +16.88
  198.3  6854.3 +23.48
  699.7  7025.9 +17.66
  585.2  6874.6 +24.55
  940.4  6543.2 +20.93
  512.5  6780.4 +23.13
  359.6  6711.0 +25.35
  803.2  6945.5 +14.70
  845.1  6821.6 +14.23
  664.6  6943.5 +22.10
  639.7  6869.5 +21.89
  382.3  6276.6 +25.88
  614.0  6316.8 +25.80
  556.6  6938.1 +19.91
  640.0  6781.5 +24.67
  401.3  6411.4 +28.58
  945.2  6684.2 +15.98
  866.0  6404.2 +25.14
  775.6  6431.1 +24.50
  666.1  6767.8 +25.09
  327.7  6754.2 +25.65
  738.0  6454.1 +23.84
  861.4  6496.3 +23.65
  580.8  6693.9 +24.18
  472.5  6486.0 +29.98
  669.2  6734.3 +24.54
  637.7  6954.3 +21.18
  666.1  7033.2 +20.42
  559.3  6335.3 +27.62
  670.9  7068.4 +18.90
  731.4  6976.6 +18.64
  570.5  6574.0 +28.75
  888.8  6268.8 +22.83
  611.5  6992.6 +23.36
  776.0  6868.0 +18.21
  722.7  6533.3 +24.34
  561.8  6869.5 +25.47
  722.1  6917.7 +20.89
  502.0  6644.8 +25.29
  965.0  6711.7 +14.03
  585.2  6796.4 +25.41
  527.5  6789.9 +23.99
  675.6  7092.8 +18.20
  864.2  6885.1 +14.05
  944.7  6843.4 +10.52
  558.0  6268.2 +26.67
  639.3  6389.1 +27.06
  652.8  7031.5 +20.98
  573.0  6331.1 +28.32
  928.5  6354.1 +23.75
  431.3  6271.4 +26.75
  917.9  6892.8 +12.36
  838.8  6614.1 +21.75
  380.1  6782.3 +23.34
  382.4  6614.3 +23.62
  526.8  6421.7 +28.73
  986.2  6730.1 +10.56
  862.8  6911.7 +11.81
  624.5  6955.6 +21.98
  741.6  7009.0 +16.37
  481.9  6727.3 +24.24
  789.4  6888.4 +15.46
  743.8  7035.3 +15.68
  650.8  6989.6 +22.04
  374.5  6747.1 +25.58
  704.6  6804.2 +23.22
  773.2  6989.1 +15.01
 1032.1  6849.4  +8.95
 1041.8  6811.0 +10.86
