 667.978 7112.614
 676.185 7088.035
 686.905 7070.001
 695.159 7063.795
 698.684 7068.487
 710.421 7081.747
 714.971 7072.900
 722.900 7047.592
 729.250 7040.819
 743.807 7043.843
 750.309 7027.224
 757.559 7029.104
 776.309 7028.374
 788.500 7020.330
 783.174 7006.476
 786.978 6996.847
 786.349 6985.124
 795.350 6979.490
 806.392 6985.755
 820.640 6989.399
 827.959 7007.100
 836.356 7011.747
 831.510 6991.119
 836.037 6981.713
 834.184 6969.241
 851.565 6967.624
 861.435 6958.426
 873.602 6948.607
 878.507 6937.057
 898.838 6947.607
 901.790 6941.841
 901.790 6941.841
 921.639 6940.026
 939.718 6940.736
 943.858 6937.791
 943.858 6937.791
 962.557 6920.772
 977.497 6906.025
 993.874 6908.054
 995.816 6900.808
1017.056 6905.110
1018.979 6907.667
1026.280 6907.842
1030.042 6898.420
1044.981 6894.281
1060.142 6895.752
1080.314 6886.661
1052.354 6844.635
1051.272 6833.808
1050.687 6815.688
1041.357 6796.643
1039.805 6781.648
1043.029 6777.909
1038.197 6742.210
1043.253 6730.669
1043.253 6730.669
1031.691 6714.460
1016.361 6713.749
1016.240 6718.618
1001.312 6718.294
 994.543 6702.675
1000.152 6701.426
1004.469 6697.086
 998.296 6695.193
 979.902 6670.051
 979.589 6666.265
 958.921 6653.871
 960.762 6638.105
 938.920 6612.576
 936.696 6597.291
 940.704 6589.652
 935.646 6578.545
 926.476 6567.637
 953.171 6575.161
 947.715 6586.912
 989.898 6597.861
 995.820 6570.114
1013.180 6545.640
1013.180 6545.640
 990.012 6528.454
1011.153 6511.940
1012.761 6496.834
1028.842 6487.963
1022.375 6473.363
1002.575 6453.684
 995.265 6458.972
 980.496 6449.388
 994.499 6431.454
1017.444 6422.230
1023.430 6405.502
1017.377 6404.876
1007.027 6386.914
1013.713 6365.897
1042.125 6349.022
1073.736 6351.527
1074.492 6336.220
1065.796 6310.558
1065.796 6310.558
1054.701 6302.101
1047.993 6294.078
1019.974 6274.617
 986.344 6238.888
 977.152 6233.949
 970.109 6231.295
 939.338 6225.318
 917.337 6229.540
 901.084 6236.015
 877.936 6254.676
 868.820 6257.280
 857.892 6254.791
 850.338 6250.930
 826.978 6255.191
 790.508 6273.777
 769.762 6270.200
 745.082 6251.319
 729.477 6240.667
 705.851 6215.909
 702.417 6195.681
 708.642 6168.845
 713.862 6149.054
 713.862 6149.054
 701.121 6153.680
 674.028 6146.347
 672.401 6139.090
 654.596 6139.864
 638.399 6150.252
 624.482 6141.533
 614.809 6142.625
 613.056 6151.433
 600.565 6157.571
 593.127 6156.332
 593.127 6156.332
 597.685 6169.906
 580.436 6174.218
 570.380 6169.085
 570.380 6169.085
 567.204 6178.530
 522.425 6195.559
 509.640 6197.080
 509.686 6180.344
 489.491 6181.299
 476.810 6178.242
 475.692 6184.655
 447.055 6183.474
 444.187 6189.545
 443.248 6191.537
 427.621 6199.828
 422.557 6195.932
 412.894 6197.739
 410.606 6193.790
 392.895 6215.014
 387.170 6211.961
 347.992 6230.568
 343.682 6224.892
 338.323 6226.547
 335.177 6232.260
 343.189 6245.236
 341.638 6251.629
 326.438 6251.370
 312.328 6263.682
 312.328 6263.682
 325.062 6269.311
 339.949 6286.671
 365.717 6398.039
 380.827 6403.727
 373.289 6417.846
 364.427 6404.110
 370.508 6456.420
 379.342 6481.947
 383.382 6473.137
 401.197 6448.622
 407.936 6429.141
 414.472 6416.628
 404.658 6451.381
 382.464 6486.784
 373.913 6501.960
 374.745 6513.824
 386.527 6539.867
 379.431 6561.674
 372.511 6577.708
 361.450 6590.821
 338.471 6598.408
 321.164 6632.267
 307.479 6651.458
 317.962 6672.620
 311.188 6681.940
 300.053 6689.378
 283.304 6697.855
 277.760 6707.063
 287.518 6725.398
 277.122 6734.975
 259.321 6727.349
 243.909 6741.250
 217.377 6756.271
 197.538 6767.239
 186.905 6767.464
 180.755 6780.773
 150.573 6775.087
 149.574 6787.945
 141.446 6795.117
 129.702 6798.407
 128.313 6803.868
 156.495 6805.367
 154.615 6817.251
 137.987 6824.199
 152.874 6828.026
 156.741 6838.032
 147.593 6838.105
 139.032 6840.047
 124.968 6837.197
 128.415 6859.456
 138.328 6857.647
 149.111 6863.956
 166.850 6866.540
 186.121 6873.532
 192.279 6863.396
 198.967 6871.251
 214.247 6866.654
 219.081 6879.432
 228.269 6881.584
 253.628 6883.340
 264.995 6863.809
 272.999 6849.941
 283.956 6844.829
 306.470 6856.861
 316.304 6847.661
 325.844 6853.411
 340.714 6859.049
 340.778 6847.470
 359.203 6850.443
 368.753 6855.474
 361.271 6865.046
 361.248 6877.682
 364.118 6895.038
 365.584 6915.486
 360.593 6915.427
 345.766 6950.234
 343.802 6970.882
 376.569 6958.675
 398.189 6960.406
 393.820 6941.353
 400.102 6920.116
 413.669 6924.675
 458.718 6911.727
 476.340 6901.721
 479.361 6901.885
 479.361 6901.885
 499.369 6903.010
 524.541 6912.290
 505.152 6921.543
 506.875 6931.835
 512.580 6940.044
 539.123 6952.806
 565.870 6958.373
 597.221 6965.911
 605.641 6980.246
 613.426 6996.300
 607.119 7041.267
 608.033 7073.138
 622.493 7088.912
 635.543 7099.330
 662.881 7106.965
 667.978 7112.614
